Materials:
  - Name: reflectiveTransparent
    ID: 0
    color: [0.899999976, 0.899999976, 0.899999976]
    diffuse: [0.540000021, 0.540000021, 0.540000021]
    specular: [0.270000011, 0.270000011, 0.270000011]
    shininess: 32
    reflectiveness: 0.699999988
    transparent: 0
    shaderType: 1
Objects:
  - Name: bull
    MeshName: Bull.obj
    Position: [0, -3, 0]
    Rotation: [-90, 0, 0]
    Scale: [0.0299999993, 0.0299999993, 0.0299999993]
    MaterialID: 0
Light:
  - position: [0, 4, 0]
    color: [1, 1, 1]
    intensity: 0.800000012
Skybox:
  - skyboxFolder: resources/textures/skybox/LancellottiChapel